1     160     35     20     148     2.6     .6     .9
2     180     28     16     148     .     .     .
3     240     29     17     139     .     .     .
4     250     38     21     142     .7     1     .3
5     290     71     41     200     .     .     .
6     .       .       .     142     2.2     .7     .2
7     120     60     33     .       2.0     .8     .6
8     170     104     75     106     2.1     .3     .3
9     180     119     57     158     .     .     .
10     210     73     51     164     3.5     1.2     1.3
11     220     69     51     108     3.3     1.2     1.6
12     240     41     25     123     4.7     1.2     .5
13     240     101     95     97     3.4     1.4     .4
14     270     72     67     125     2.8     .7     .3
15     280     92     50     142     .     .     .
16     280     129     84     112     .     .     .
17     290     87     42     148     .     .     .
18     300     44     22     158     .     .     .
19     310     85     66     66     3.9     1.2     .8
20     310     .     .     97     1.5     .7     1.7
21     330     .     .     198     3.7     1.3     .6
22     340     114     94     81     4.6     1.7     .8
23     400     61     43     117     1.8     1     .3
24     .     119     72     109     .     .     .
25     440     58     38     140     .     .     .
26     460     95     129     109     .     .     .
27     480     82     50     111     2.5     1.6     .6
28     480     43     23     136     .     .     .
29     580     102     90     100     6.6     2.5     .4
30     710     92     60     121     .     .     .
31     740     134     125     69     9.5     3     1.6
32     870     111     111     128     .     .     .
33     920     94     110     74     3.4     2.0     7.3
34     1160     107     105     32     2.2     1.7     2.9
35     .     .     .     114     8.9     4.8     6.4
36     770     .     .     113     .4     .3     .1
37     820     117     97     116     .     .     .
38     1230     .     .     82     2.5     .7     1.8
39     3950     .     .     111     .     .     .
40     .     .     .     148     .     .     .
41     2490     .     .     91     .     .     .
42     310     .     .     62     .     .     .
43     320     .     .     76     .     .     .
44     2400     .     .     27     .     .     .
45     .     120     85     148     .     .     .
46     .     .     .     30     .     .     .
47     .     87     69     136     .     .     .
48     .     .     .     19     .     .     .
